Attack (1),2121,3540,587,707
Attack (2),1176,1416,587,707
Attack (3),3297,5044,587,707
Attack (4),1764,1416,587,707
Attack (5),0,0,587,707
Attack (6),945,3540,587,707
Attack (7),4473,708,587,707
Attack (8),588,2124,587,707
Attack (9),5061,2964,587,707
Attack (10),3885,1416,587,707


Dead (1),0,5044,944,751
Dead (2),2352,0,944,751
Dead (3),5061,3672,944,751
Dead (4),5061,4424,944,751
Dead (5),5061,1504,944,751
Dead (6),0,4292,944,751
Dead (7),5061,752,944,751
Dead (8),0,3540,944,751
Dead (9),2352,752,944,751
Dead (10),5061,0,944,751


Idle (1),1533,4292,587,707
Idle (2),1764,2124,587,707
Idle (3),1176,2124,587,707
Idle (4),2709,3540,587,707
Idle (5),1764,708,587,707
Idle (6),4473,2124,587,707
Idle (7),945,5044,587,707
Idle (8),3297,708,587,707
Idle (9),5061,2256,587,707
Idle (10),588,1416,587,707

JumpAttack (1),4473,5044,587,707
JumpAttack (2),3885,3540,587,707
JumpAttack (3),1764,0,587,707
JumpAttack (4),1533,5044,587,707
JumpAttack (5),588,0,587,707
JumpAttack (6),1533,3540,587,707
JumpAttack (7),0,2124,587,707
JumpAttack (8),588,2832,587,707
JumpAttack (9),0,2832,587,707
JumpAttack (10),2709,4292,587,707

Run (1),1764,2832,587,707
Run (2),588,708,587,707
Run (3),2709,5044,587,707
Run (4),3297,0,587,707
Run (5),1176,0,587,707
Run (6),1176,708,587,707
Run (7),4473,3540,587,707
Run (8),2352,2832,587,707
Run (9),4473,0,587,707
Run (10),3297,2832,587,707


Walk (1),2121,4292,587,707
Walk (2),3297,3540,587,707
Walk (3),2352,1504,587,707
Walk (4),3885,2832,587,707
Walk (5),945,4292,587,707
Walk (6),3885,4292,587,707
Walk (7),4473,1416,587,707
Walk (8),3885,5044,587,707
Walk (9),3885,708,587,707
Walk (10),3297,2124,587,707

Jump (1),3885,0,587,707
Jump (2),2121,5044,587,707
Jump (3),0,708,587,707
Jump (4),1176,2832,587,707
Jump (5),4473,4248,587,707
Jump (6),3297,4292,587,707
Jump (7),0,1416,587,707
Jump (8),3885,2124,587,707
Jump (9),4473,2832,587,707
Jump (10),3297,1416,587,707

