Attack (1),2088,1731,521,576
Attack (2),522,0,521,576
Attack (3),2610,1731,521,576
Attack (4),2055,3038,521,576
Attack (5),1207,3666,521,576
Attack (6),1566,2461,521,576
Attack (7),2088,0,521,576
Attack (8),3132,1256,521,576

Dead (1),0,1205,684,627
Dead (2),3132,0,684,627
Dead (3),685,3038,684,627
Dead (4),0,3666,684,627
Dead (5),3132,1833,684,627
Dead (6),1370,3038,684,627
Dead (7),0,1833,684,627
Dead (8),0,3038,684,627
Dead (9),0,577,684,627
Dead (10),685,1833,684,627
Dead (11),3132,628,684,627
Dead (12),685,1205,684,627

Idle (1),3295,3666,521,576
Idle (2),2088,577,521,576
Idle (3),0,0,521,576
Idle (4),1729,3666,521,576
Idle (5),2577,3038,521,576
Idle (6),2610,2308,521,576
Idle (7),685,3666,521,576
Idle (8),2610,0,521,576
Idle (9),3132,3038,521,576
Idle (10),2088,1154,521,576
Idle (11),522,2461,521,576
Idle (12),3132,2461,521,576
Idle (13),1566,577,521,576
Idle (14),1566,1154,521,576
Idle (15),2773,3666,521,576


Walk (1),2251,3666,521,576
Walk (2),1044,0,521,576
Walk (3),1370,1833,521,576
Walk (4),1566,0,521,576
Walk (5),0,2461,521,576
Walk (6),1044,2461,521,576
Walk (7),1044,577,521,576
Walk (8),2610,577,521,576
Walk (9),2610,1154,521,576
Walk (10),2088,2461,521,576