Attack (1),2354,3134,430,519
Attack (2),1293,0,430,519
Attack (3),862,520,430,519
Attack (4),862,2614,430,519
Attack (5),431,2614,430,519
Attack (6),862,1567,430,519
Attack (7),431,520,430,519
Attack (8),1260,2087,430,519

Dead (1),630,2087,629,526
Dead (3),2155,0,629,526
Dead (2),2785,1054,629,526
Dead (4),0,3134,629,526
Dead (5),2155,1054,629,526
Dead (6),0,2087,629,526
Dead (7),2785,527,629,526
Dead (8),0,1040,629,526
Dead (9),2785,0,629,526
Dead (10),2155,527,629,526
Dead (11),2785,1581,629,526
Dead (12),2785,2108,629,526

Idle (1),2155,1581,430,519
Idle (2),1724,1560,430,519
Idle (3),1923,3134,430,519
Idle (4),1293,520,430,519
Idle (5),1293,1567,430,519
Idle (6),1724,1040,430,519
Idle (7),1691,2087,430,519
Idle (8),2785,3134,430,519
Idle (9),1492,3134,430,519
Idle (10),862,0,430,519
Idle (11),630,3134,430,519
Idle (12),0,520,430,519
Idle (13),630,1040,430,519
Idle (14),1293,1040,430,519
Idle (15),1724,520,430,519

Walk (1),2155,2614,430,519
Walk (2),1293,2614,430,519
Walk (3),431,0,430,519
Walk (4),1061,3134,430,519
Walk (5),0,2614,430,519
Walk (6),431,1567,430,519
Walk (7),0,0,430,519
Walk (8),1724,0,430,519
Walk (9),0,1567,430,519
Walk (10),1724,2614,430,519